[gd_scene load_steps=30 format=3 uid="uid://w4k1fp8lu7tr"]

[ext_resource type="Material" uid="uid://dp46s1ve43yhf" path="res://materials/vfx/sky.tres" id="1_sdkug"]
[ext_resource type="PackedScene" uid="uid://c5rtegb17frlh" path="res://models/nodes/ground-2.tscn" id="2_0rnuk"]
[ext_resource type="Shader" path="res://shaders/fog-particles.gdshader" id="3_3yirp"]
[ext_resource type="Material" uid="uid://bosesbm3odu8g" path="res://materials/vfx/fog-particles-instance.tres" id="3_ro55t"]
[ext_resource type="PackedScene" path="res://models/nodes/dead-tree-1.tscn" id="4_7qvcg"]
[ext_resource type="PackedScene" uid="uid://qhwe2yhkr5vk" path="res://models/nodes/polearm-1.tscn" id="4_qojxx"]
[ext_resource type="PackedScene" uid="uid://gade2qfiwkac" path="res://models/nodes/boulder-1.tscn" id="5_b4768"]
[ext_resource type="PackedScene" path="res://models/nodes/dead-tree-2.tscn" id="5_lq7xb"]
[ext_resource type="PackedScene" uid="uid://dh4ugcqrvgpdq" path="res://models/nodes/shield-1.tscn" id="5_yoddf"]
[ext_resource type="PackedScene" uid="uid://cyyekr71tbhot" path="res://models/nodes/boulder-2.tscn" id="6_dw13k"]
[ext_resource type="PackedScene" uid="uid://x5u5qv4eorfh" path="res://models/nodes/sword-1.tscn" id="6_fnwlx"]
[ext_resource type="PackedScene" uid="uid://0vce6ybed2ug" path="res://models/nodes/skull-1.tscn" id="7_6ib85"]
[ext_resource type="PackedScene" uid="uid://bgsbyjx11j520" path="res://models/nodes/boulder-3.tscn" id="7_ou5qj"]
[ext_resource type="PackedScene" uid="uid://bt8wlqkmgclib" path="res://models/nodes/banner-1.tscn" id="8_0qa47"]
[ext_resource type="PackedScene" uid="uid://88di173s0jj4" path="res://models/nodes/ribcage-1.tscn" id="8_ilhi2"]
[ext_resource type="PackedScene" uid="uid://cybaae27u1ftu" path="res://models/nodes/shrub-1.tscn" id="13_yd88f"]
[ext_resource type="PackedScene" uid="uid://drqxgxg04hoi5" path="res://models/nodes/terrain-1.tscn" id="14_ouj73"]
[ext_resource type="Script" path="res://scripts/controls.gd" id="19_rl5th"]

[sub_resource type="Sky" id="Sky_sudva"]
sky_material = ExtResource("1_sdkug")

[sub_resource type="Environment" id="Environment_5lahd"]
background_mode = 2
sky = SubResource("Sky_sudva")
ambient_light_source = 2
ambient_light_color = Color(0.2, 0.372549, 0.411765, 1)
tonemap_mode = 2
glow_enabled = true
glow_levels/3 = 2.0
glow_intensity = 1.0
glow_blend_mode = 0
glow_hdr_threshold = 0.8
fog_enabled = true
fog_sky_affect = 0.0
volumetric_fog_enabled = true
volumetric_fog_density = 0.025
volumetric_fog_albedo = Color(0.6, 0.6, 0.6, 1)
volumetric_fog_sky_affect = 0.0

[sub_resource type="BoxShape3D" id="BoxShape3D_jecce"]
size = Vector3(27.6, 6.49867, 15.2)

[sub_resource type="ShaderMaterial" id="ShaderMaterial_5lms4"]
shader = ExtResource("3_3yirp")
shader_parameter/color = Color(1, 1, 1, 1)
shader_parameter/initial_linear_velocity_min = null
shader_parameter/initial_linear_velocity_max = 0.0
shader_parameter/scale_min = 3.0
shader_parameter/scale_max = 6.0
shader_parameter/lifetime_randomness = 0.5
shader_parameter/emission_box_extents = Vector3(10, 1, 10)

[sub_resource type="QuadMesh" id="QuadMesh_7j32d"]
material = ExtResource("3_ro55t")

[sub_resource type="ShaderMaterial" id="ShaderMaterial_oqroh"]
shader = ExtResource("3_3yirp")
shader_parameter/color = Color(1, 1, 1, 0.501961)
shader_parameter/initial_linear_velocity_min = null
shader_parameter/initial_linear_velocity_max = 0.0
shader_parameter/scale_min = 2.0
shader_parameter/scale_max = 4.0
shader_parameter/lifetime_randomness = 0.5
shader_parameter/emission_box_extents = Vector3(10, 0.5, 10)

[sub_resource type="CapsuleShape3D" id="CapsuleShape3D_72l4c"]
radius = 0.4
height = 1.7

[sub_resource type="BoxShape3D" id="BoxShape3D_if8dw"]
size = Vector3(18.59, 1, 12.5004)

[sub_resource type="BoxShape3D" id="BoxShape3D_7mwl0"]
size = Vector3(29.214, 1, 12.5004)

[sub_resource type="BoxShape3D" id="BoxShape3D_6jvd3"]
size = Vector3(29.214, 1, 12.5004)

[sub_resource type="BoxShape3D" id="BoxShape3D_wtvmc"]
size = Vector3(18.59, 1, 12.5004)

[node name="Node3D" type="Node3D"]

[node name="WorldEnvironment" type="WorldEnvironment" parent="."]
environment = SubResource("Environment_5lahd")

[node name="DirectionalLight3D" type="DirectionalLight3D" parent="."]
transform = Transform3D(0.0382943, -0.187372, 0.981542, -0.023297, 0.981829, 0.188335, -0.998995, -0.0300792, 0.0332332, 0.606105, 2.60517, 0.518529)
light_indirect_energy = 0.0
shadow_enabled = true
directional_shadow_mode = 1

[node name="Wind" type="Area3D" parent="."]
transform = Transform3D(1, 0, 0, 0, 1, 0, 0, 0, 1, -0.00175905, 2.74497, 3.59996)
wind_force_magnitude = 5.0
wind_source_path = NodePath("Node3D")

[node name="CollisionShape3D" type="CollisionShape3D" parent="Wind"]
shape = SubResource("BoxShape3D_jecce")

[node name="Node3D" type="Node3D" parent="Wind"]
transform = Transform3D(-0.0937608, 0, 0.995595, 0, 1, 0, -0.995595, 0, -0.0937608, 0, 0, 0)

[node name="ground-2" parent="." instance=ExtResource("2_0rnuk")]
transform = Transform3D(1, 0, 0, 0, 1, 0, 0, 0, 1, 0, 4.5, 0)

[node name="FogParticles" type="GPUParticles3D" parent="ground-2"]
transform = Transform3D(1, 0, 0, 0, 0.983194, -0.182562, 0, 0.182562, 0.983194, -2.38419e-07, -3.66326, 2.0085)
amount = 4
lifetime = 10.0
visibility_aabb = AABB(-12.51, -4, -9.1008, 25.02, 8, 18.2016)
process_material = SubResource("ShaderMaterial_5lms4")
draw_pass_1 = SubResource("QuadMesh_7j32d")

[node name="FogParticles2" type="GPUParticles3D" parent="ground-2"]
transform = Transform3D(1, 0, 0, 0, 0.983194, -0.182562, 0, 0.182562, 0.983194, -2.38419e-07, -4.06564, 2.0085)
amount = 16
lifetime = 10.0
visibility_aabb = AABB(-12.51, -4, -9.1008, 25.02, 8, 18.2016)
process_material = SubResource("ShaderMaterial_oqroh")
draw_pass_1 = SubResource("QuadMesh_7j32d")

[node name="FogParticles3" type="GPUParticles3D" parent="ground-2"]
transform = Transform3D(1, 0, 0, 0, 1, 0, 0, 0, 1, -2.38419e-07, 2.096, -16.1601)
lifetime = 10.0
visibility_aabb = AABB(-12.51, -4, -9.1008, 25.02, 8, 18.2016)
process_material = SubResource("ShaderMaterial_5lms4")
draw_pass_1 = SubResource("QuadMesh_7j32d")

[node name="FogParticles4" type="GPUParticles3D" parent="ground-2"]
transform = Transform3D(1, 0, 0, 0, 1, 0, 0, 0, 1, -23.8784, -2.23045, 0.657635)
lifetime = 10.0
visibility_aabb = AABB(-12.51, -2.36919, -9.1008, 25.02, 4.73838, 18.2016)
process_material = SubResource("ShaderMaterial_5lms4")
draw_pass_1 = SubResource("QuadMesh_7j32d")

[node name="FogParticles5" type="GPUParticles3D" parent="ground-2"]
transform = Transform3D(1, 0, 0, 0, 1, 0, 0, 0, 1, 7.87236, 2.096, 21.4102)
lifetime = 10.0
visibility_aabb = AABB(-12.51, -4, -9.1008, 25.02, 8, 18.2016)
process_material = SubResource("ShaderMaterial_5lms4")
draw_pass_1 = SubResource("QuadMesh_7j32d")

[node name="FogParticles6" type="GPUParticles3D" parent="ground-2"]
transform = Transform3D(1, 0, 0, 0, 1, 0, 0, 0, 1, -17.4493, 2.096, 21.4102)
lifetime = 10.0
visibility_aabb = AABB(-12.51, -4, -9.1008, 25.02, 8, 18.2016)
process_material = SubResource("ShaderMaterial_5lms4")
draw_pass_1 = SubResource("QuadMesh_7j32d")

[node name="dead-tree-1" parent="ground-2" instance=ExtResource("4_7qvcg")]
transform = Transform3D(0.189429, 0, 2.39251, 0, 2.4, 0, -2.39251, 0, 0.189429, -1.17682, -2.68534, -5.17116)

[node name="dead-tree-9" parent="ground-2" instance=ExtResource("4_7qvcg")]
transform = Transform3D(2.94161, 0, 0.589019, 0, 3, 0, -0.589019, 0, 2.94161, -3.46051, 1.82418, -14.1131)

[node name="dead-tree-6" parent="ground-2" instance=ExtResource("4_7qvcg")]
transform = Transform3D(-2.15791, 0, -1.05043, 0, 2.4, 0, 1.05043, 0, -2.15791, -8.82343, -4.28491, 3.98448)

[node name="dead-tree-10" parent="ground-2" instance=ExtResource("4_7qvcg")]
transform = Transform3D(0.873675, 0, 2.23533, 0, 2.4, 0, -2.23533, 0, 0.873675, -1.36463, -4.05396, 15.8354)

[node name="dead-tree-2" parent="ground-2" instance=ExtResource("5_lq7xb")]
transform = Transform3D(1.90317, 0, 0.61478, 0, 2, 0, -0.61478, 0, 1.90317, 3.59837, -1.54343, -5.22834)

[node name="dead-tree-3" parent="ground-2" instance=ExtResource("5_lq7xb")]
transform = Transform3D(-0.671035, 0, 1.88407, 0, 2, 0, -1.88407, 0, -0.671035, 8.8076, -5.26122, 2.58859)

[node name="dead-tree-5" parent="ground-2" instance=ExtResource("5_lq7xb")]
transform = Transform3D(-1.61326, 0, 1.18211, 0, 2, 0, -1.18211, 0, -1.61326, -7.1198, -4.86193, 6.65699)

[node name="dead-tree-8" parent="ground-2" instance=ExtResource("5_lq7xb")]
transform = Transform3D(-2.41989, 0, 1.77317, 0, 3, 0, -1.77317, 0, -2.41989, -19.3061, 1.50426, 21.3234)

[node name="dead-tree-7" parent="ground-2" instance=ExtResource("5_lq7xb")]
transform = Transform3D(-0.224582, 0, 2.48989, 0, 2.5, 0, -2.48989, 0, -0.224582, -7.03087, -2.53304, -4.64757)

[node name="dead-tree-4" parent="ground-2" instance=ExtResource("5_lq7xb")]
transform = Transform3D(1.53788, 0, 2.09641, 0, 2.6, 0, -2.09641, 0, 1.53788, 3.63151, -4.23561, 11.9561)

[node name="boulder-1" parent="ground-2" instance=ExtResource("5_b4768")]
transform = Transform3D(0.788741, 0.126978, 0.601469, -0.10097, 0.991906, -0.0769966, -0.606377, 0, 0.795177, 2.20454, -4.87544, 1.93233)

[node name="boulder-10" parent="ground-2" instance=ExtResource("5_b4768")]
transform = Transform3D(1.57748, 0.253956, 1.20294, -0.20194, 1.98381, -0.153993, -1.21275, 0, 1.59035, 6.84194, 0.950453, 18.8624)

[node name="boulder-4" parent="ground-2" instance=ExtResource("5_b4768")]
transform = Transform3D(-0.257975, -0.00779542, 0.541653, 0.0186684, 0.599454, 0.0175186, -0.541387, 0.0243853, -0.257498, -0.912547, -5.22525, 7.08948)

[node name="boulder-2" parent="ground-2" instance=ExtResource("6_dw13k")]
transform = Transform3D(0.998868, 0.0459062, -0.0124983, -0.0475772, 0.963786, -0.262397, 0, 0.262694, 0.964879, -1.32514, -3.79062, -1.96321)

[node name="boulder-8" parent="ground-2" instance=ExtResource("6_dw13k")]
transform = Transform3D(1.99774, 0.0918124, -0.0249965, -0.0721127, 1.80359, 0.861315, 0.0620815, -0.859439, 1.80486, -5.11868, -3.48524, -4.18395)

[node name="boulder-6" parent="ground-2" instance=ExtResource("6_dw13k")]
transform = Transform3D(0.183391, -0.649558, 0.327021, -0.076275, 0.318218, 0.674848, -0.723222, -0.198272, 0.011751, 1.77857, -3.00365, -4.22945)

[node name="boulder-3" parent="ground-2" instance=ExtResource("7_ou5qj")]
transform = Transform3D(2, 0, 0, 0, 1.97596, 0.309179, 0, -0.309179, 1.97596, 6.29796, -4.82793, 6.37335)

[node name="boulder-11" parent="ground-2" instance=ExtResource("7_ou5qj")]
transform = Transform3D(2, 0, 0, 0, 1.81531, -0.839443, 0, 0.839443, 1.81531, -6.05304, 0.782222, -10.0302)

[node name="boulder-7" parent="ground-2" instance=ExtResource("7_ou5qj")]
transform = Transform3D(-0.14589, 0.0644178, -1.99363, -0.00331793, 1.99895, 0.0648324, 1.99467, 0.00803656, -0.145706, -2.67572, -5.50454, 10.104)

[node name="boulder-5" parent="ground-2" instance=ExtResource("7_ou5qj")]
transform = Transform3D(-1.3661, 0.0446001, -0.43278, 0, 1.38507, 0.291303, 0.306211, 0.198975, -1.93076, 10.1691, -5.45667, 2.28273)

[node name="ribcage-1" parent="ground-2" instance=ExtResource("8_ilhi2")]
transform = Transform3D(0.827306, -0.555255, 0.0851841, 0.0436151, 0.214673, 0.975712, -0.560056, -0.803497, 0.201818, 2.39325, -4.69154, 0.663719)

[node name="ribcage-6" parent="ground-2" instance=ExtResource("8_ilhi2")]
transform = Transform3D(0.819956, -0.502806, 0.273604, -0.075158, 0.37927, 0.922229, -0.567471, -0.77675, 0.273195, -9.74891, -3.55192, -0.692845)

[node name="ribcage-5" parent="ground-2" instance=ExtResource("8_ilhi2")]
transform = Transform3D(0.809374, -0.582535, -0.0746094, -0.225766, -0.19134, -0.955206, 0.542166, 0.789963, -0.286382, 8.46317, -5.15154, 3.38924)

[node name="ribcage-4" parent="ground-2" instance=ExtResource("8_ilhi2")]
transform = Transform3D(-0.951757, 0.239126, -0.192294, 0.129894, -0.253783, -0.9585, -0.278003, -0.937237, 0.210478, -4.68033, -4.15572, 0.894691)

[node name="ribcage-3" parent="ground-2" instance=ExtResource("8_ilhi2")]
transform = Transform3D(0.995725, -0.0910511, 0.0155601, -0.0357244, -0.224249, 0.973877, -0.0851832, -0.970269, -0.226543, 4.20699, -4.70951, 8.86953)

[node name="ribcage-2" parent="ground-2" instance=ExtResource("8_ilhi2")]
transform = Transform3D(0.218403, -0.955067, 0.200368, 0.395277, 0.274307, 0.876648, -0.89222, -0.112261, 0.437426, 2.39325, -3.3776, -3.65343)

[node name="shield-1" parent="ground-2" instance=ExtResource("5_yoddf")]
transform = Transform3D(0.802672, 0.375941, -0.463019, -0.334617, 0.926492, 0.172172, 0.49371, 0.0167366, 0.869465, 1.82844, -4.55986, 1.87516)

[node name="shield-2" parent="ground-2" instance=ExtResource("5_yoddf")]
transform = Transform3D(-0.113607, 0.95738, -0.26555, -0.958769, -0.175722, -0.223346, -0.26049, 0.229228, 0.93787, 3.68622, -4.57889, 0.00123417)

[node name="shield-13" parent="ground-2" instance=ExtResource("5_yoddf")]
transform = Transform3D(0.0845164, 0.975773, -0.201801, -0.992611, 0.0647525, -0.102617, -0.0870635, 0.208983, 0.974036, 12.9428, -5.24658, 1.24262)

[node name="shield-4" parent="ground-2" instance=ExtResource("5_yoddf")]
transform = Transform3D(0.0353262, 0.979034, -0.200612, -0.926935, -0.0429344, -0.372757, -0.373555, 0.199122, 0.905984, 1.37813, -3.55569, -2.76524)

[node name="shield-3" parent="ground-2" instance=ExtResource("5_yoddf")]
transform = Transform3D(-0.113607, 0.95738, -0.26555, -0.993407, -0.105327, 0.0452638, 0.0153649, 0.268942, 0.963034, 3.93739, -4.95645, 3.37315)

[node name="shield-12" parent="ground-2" instance=ExtResource("5_yoddf")]
transform = Transform3D(0.0239982, 0.968368, -0.248372, -0.99069, 0.0563389, 0.123935, 0.134008, 0.243085, 0.960704, 8.17509, -5.03575, 4.36073)

[node name="shield-5" parent="ground-2" instance=ExtResource("5_yoddf")]
transform = Transform3D(-0.0416715, 0.970304, -0.238272, -0.994008, -0.0161416, 0.10811, 0.101053, 0.24135, 0.965162, 3.69091, -4.94829, 6.62937)

[node name="shield-15" parent="ground-2" instance=ExtResource("5_yoddf")]
transform = Transform3D(0.330736, 0.931726, -0.150005, -0.863254, 0.362915, 0.350835, 0.381321, 0.0134586, 0.924345, 1.66441, -4.48272, 12.6026)

[node name="shield-6" parent="ground-2" instance=ExtResource("5_yoddf")]
transform = Transform3D(-0.097348, 0.963897, -0.247843, -0.987944, -0.123707, -0.0930677, -0.120368, 0.235795, 0.96432, -3.1044, -4.5952, 3.97169)

[node name="shield-11" parent="ground-2" instance=ExtResource("5_yoddf")]
transform = Transform3D(-0.097348, 0.963897, -0.247843, -0.987944, -0.123707, -0.0930677, -0.120368, 0.235795, 0.96432, -7.66565, -3.96033, 2.00695)

[node name="shield-14" parent="ground-2" instance=ExtResource("5_yoddf")]
transform = Transform3D(-0.143792, 0.958551, -0.245978, -0.989556, -0.136735, 0.0456262, 0.0101012, 0.249969, 0.968201, -11.8671, -3.51351, 1.26639)

[node name="shield-8" parent="ground-2" instance=ExtResource("5_yoddf")]
transform = Transform3D(-0.719004, 0.605617, -0.34097, -0.353288, 0.104008, 0.929715, 0.598514, 0.78893, 0.139175, -6.06726, -4.87188, 9.11209)

[node name="shield-7" parent="ground-2" instance=ExtResource("5_yoddf")]
transform = Transform3D(-0.097348, 0.963897, -0.247843, -0.981386, -0.134388, -0.137185, -0.165539, 0.229875, 0.959038, -3.1044, -4.13383, 0.505995)

[node name="shield-10" parent="ground-2" instance=ExtResource("5_yoddf")]
transform = Transform3D(-0.097348, 0.963897, -0.247843, -0.981386, -0.134388, -0.137185, -0.165539, 0.229875, 0.959038, -6.54412, -3.70452, -0.65835)

[node name="shield-9" parent="ground-2" instance=ExtResource("5_yoddf")]
transform = Transform3D(-0.0572999, 0.892254, -0.447884, -0.530226, -0.407319, -0.743607, -0.845917, 0.194872, 0.496436, -5.27886, -2.82658, -3.24348)

[node name="sword-1" parent="ground-2" instance=ExtResource("6_fnwlx")]
transform = Transform3D(0.964677, -0.257004, 0.0578525, 0.263435, 0.941128, -0.211851, 0, 0.219608, 0.975588, 2.26706, -4.43933, -0.610284)

[node name="sword-4" parent="ground-2" instance=ExtResource("6_fnwlx")]
transform = Transform3D(0.457342, 0.0715169, 0.886411, 0.263435, 0.941128, -0.211851, -0.849376, 0.3304, 0.411577, 0.282002, -3.31475, -3.10885)

[node name="sword-3" parent="ground-2" instance=ExtResource("6_fnwlx")]
transform = Transform3D(0.486458, -0.170243, -0.856957, -0.0453978, 0.974582, -0.219381, 0.872523, 0.145624, 0.466365, 1.90695, -4.82601, 3.68873)

[node name="sword-7" parent="ground-2" instance=ExtResource("6_fnwlx")]
transform = Transform3D(0.97652, 0.0874005, -0.1969, -0.103165, 0.992108, -0.0712663, 0.189117, 0.0899063, 0.97783, -3.49987, -4.46147, 2.39899)

[node name="sword-12" parent="ground-2" instance=ExtResource("6_fnwlx")]
transform = Transform3D(0.97652, 0.0874005, -0.1969, -0.103165, 0.992108, -0.0712663, 0.189117, 0.0899063, 0.97783, -5.81554, -4.3398, 3.08191)

[node name="sword-18" parent="ground-2" instance=ExtResource("6_fnwlx")]
transform = Transform3D(0.823715, 0.125376, 0.552969, -0.0379948, 0.985259, -0.166793, -0.56573, 0.11638, 0.816336, -10.0725, -3.94987, 5.61288)

[node name="sword-11" parent="ground-2" instance=ExtResource("6_fnwlx")]
transform = Transform3D(0.993363, 0.0991027, -0.0583744, -0.103165, 0.992108, -0.0712663, 0.0508511, 0.0768156, 0.995748, -6.63862, -3.31431, -2.06392)

[node name="sword-15" parent="ground-2" instance=ExtResource("6_fnwlx")]
transform = Transform3D(0.755815, -0.0311692, -0.654043, -0.107763, 0.979325, -0.171202, 0.645857, 0.199878, 0.736829, -9.43094, -3.14512, -2.06392)

[node name="sword-8" parent="ground-2" instance=ExtResource("6_fnwlx")]
transform = Transform3D(0.0823744, 0.0799244, 0.993392, -0.103165, 0.992108, -0.0712663, -0.991247, -0.0966131, 0.0899695, -4.75402, -4.05215, 0.756483)

[node name="sword-5" parent="ground-2" instance=ExtResource("6_fnwlx")]
transform = Transform3D(-0.442897, 0.0668295, -0.894079, 0.0891402, 0.995559, 0.0302579, 0.89213, -0.0662972, -0.446887, 1.50164, -4.97041, 6.05934)

[node name="sword-6" parent="ground-2" instance=ExtResource("6_fnwlx")]
transform = Transform3D(0.908786, 0.324343, -0.262507, -0.396584, 0.866994, -0.301731, 0.129727, 0.378315, 0.916542, -0.888528, -5.13737, 5.91758)

[node name="sword-16" parent="ground-2" instance=ExtResource("6_fnwlx")]
transform = Transform3D(0.336251, 0.264788, 0.903783, -0.00649613, 0.96029, -0.278927, -0.94175, 0.0879181, 0.324618, 0.811061, -5.17412, 10.5193)

[node name="sword-17" parent="ground-2" instance=ExtResource("6_fnwlx")]
transform = Transform3D(0.322528, -0.0374132, 0.94582, 0.0952998, 0.995425, 0.00687781, -0.94175, 0.0879181, 0.324618, 5.91373, -3.94254, 9.96643)

[node name="sword-10" parent="ground-2" instance=ExtResource("6_fnwlx")]
transform = Transform3D(0.990073, 0.001015, -0.140554, -0.0153923, 0.994743, -0.101241, 0.139712, 0.102399, 0.984883, -4.50558, -5.13737, 8.36615)

[node name="sword-9" parent="ground-2" instance=ExtResource("6_fnwlx")]
transform = Transform3D(0.0740227, 0.0477675, -0.996112, -0.180419, 0.983011, 0.0337319, 0.980801, 0.177221, 0.0813833, -1.28358, -4.3205, 0.92365)

[node name="sword-2" parent="ground-2" instance=ExtResource("6_fnwlx")]
transform = Transform3D(0.998498, 0.0534557, -0.012033, -0.0488459, 0.967894, 0.246566, 0.0248271, -0.245608, 0.969052, 5.17417, -4.78507, 0.309958)

[node name="sword-13" parent="ground-2" instance=ExtResource("6_fnwlx")]
transform = Transform3D(0.691344, -0.168838, -0.702523, -0.0546712, 0.957303, -0.28387, 0.720455, 0.23466, 0.652595, 5.85586, -4.95429, 1.74739)

[node name="sword-14" parent="ground-2" instance=ExtResource("6_fnwlx")]
transform = Transform3D(0.994483, 0.0776927, 0.0704751, -0.0669905, 0.987419, -0.143233, -0.0807166, 0.137721, 0.987177, 11.5863, -5.02482, 0.0216022)

[node name="polearm-1" parent="ground-2" instance=ExtResource("4_qojxx")]
transform = Transform3D(0.805111, 0, -0.593124, -0.155501, 0.965021, -0.211078, 0.572377, 0.262172, 0.776949, 2.29425, -4.58255, 0.812136)

[node name="polearm-2" parent="ground-2" instance=ExtResource("4_qojxx")]
transform = Transform3D(0.927536, 0.276881, 0.251024, -0.356209, 0.858207, 0.369587, -0.113099, -0.432223, 0.894647, 5.0107, -5.02314, 2.82791)

[node name="polearm-9" parent="ground-2" instance=ExtResource("4_qojxx")]
transform = Transform3D(0.935662, -0.145178, -0.321653, 0.117463, 0.987609, -0.104067, 0.332776, 0.0595887, 0.941121, 11.2623, -5.2061, 3.90029)

[node name="polearm-8" parent="ground-2" instance=ExtResource("4_qojxx")]
transform = Transform3D(0.927536, 0.276881, 0.251024, -0.205095, 0.938594, -0.277447, -0.31243, 0.205858, 0.927367, 8.34746, -5.18313, 0.316885)

[node name="polearm-4" parent="ground-2" instance=ExtResource("4_qojxx")]
transform = Transform3D(-0.0656338, 0.0930047, -0.9935, 0.00687697, 0.995665, 0.0927528, 0.99782, -0.000744656, -0.0659889, -0.51793, -5.46919, 10.601)

[node name="polearm-11" parent="ground-2" instance=ExtResource("4_qojxx")]
transform = Transform3D(0.474917, 0.149996, -0.867153, -0.154859, 0.984235, 0.0854361, 0.866298, 0.0937111, 0.490658, 3.86714, -5.15827, 5.99808)

[node name="polearm-3" parent="ground-2" instance=ExtResource("4_qojxx")]
transform = Transform3D(-0.0835889, 0.260072, -0.961965, -0.0762369, 0.960845, 0.266393, 0.99358, 0.0956046, -0.0604889, -0.629859, -4.77584, 2.82791)

[node name="polearm-5" parent="ground-2" instance=ExtResource("4_qojxx")]
transform = Transform3D(0.963608, 0.00234473, 0.267309, 0.0267626, 0.994092, -0.105196, -0.265976, 0.108521, 0.957852, -4.15297, -4.77584, 5.02215)

[node name="polearm-7" parent="ground-2" instance=ExtResource("4_qojxx")]
transform = Transform3D(0.726415, -0.00282648, -0.687251, -0.000999501, 0.999986, -0.00516923, 0.687256, 0.00444162, 0.726402, -6.74308, -4.10549, 1.37461)

[node name="polearm-10" parent="ground-2" instance=ExtResource("4_qojxx")]
transform = Transform3D(0.942125, 0.302132, 0.145313, -0.311681, 0.948992, 0.0476326, -0.123509, -0.0901673, 0.988239, -11.785, -3.67667, 2.51083)

[node name="polearm-6" parent="ground-2" instance=ExtResource("4_qojxx")]
transform = Transform3D(0.300842, -0.108364, -0.947498, 0.0267626, 0.994092, -0.105196, 0.953298, 0.0062895, 0.301964, -2.23305, -3.98057, -1.35447)

[node name="skull-1" parent="ground-2" instance=ExtResource("7_6ib85")]
transform = Transform3D(0.349269, 0.350739, -0.868904, -0.43443, 0.882231, 0.181493, 0.83023, 0.314088, 0.460507, 5.29039, -4.54177, -0.52326)

[node name="skull-2" parent="ground-2" instance=ExtResource("7_6ib85")]
transform = Transform3D(0.193921, 0.457155, -0.867989, -0.123432, 0.889123, 0.44071, 0.973221, 0.0216746, 0.228847, 2.40728, -3.94609, 1.91117)

[node name="skull-3" parent="ground-2" instance=ExtResource("7_6ib85")]
transform = Transform3D(-0.0129481, 0.999133, -0.0395662, -0.229506, 0.0355437, 0.972658, 0.973221, 0.0216746, 0.228847, -2.43832, -4.47755, 1.91117)

[node name="skull-7" parent="ground-2" instance=ExtResource("7_6ib85")]
transform = Transform3D(-0.939198, 0.073327, -0.335454, -0.0937633, 0.885039, 0.455977, 0.330326, 0.459706, -0.824352, -1.89767, -5.28258, 8.54393)

[node name="skull-5" parent="ground-2" instance=ExtResource("7_6ib85")]
transform = Transform3D(-0.972479, 0.0328422, -0.230664, -0.229506, 0.0355437, 0.972658, 0.0401428, 0.998828, -0.0270279, -8.06326, -4.10388, 2.79872)

[node name="skull-6" parent="ground-2" instance=ExtResource("7_6ib85")]
transform = Transform3D(0.0900555, -0.251093, 0.963765, -0.0180079, 0.967128, 0.253652, -0.995774, -0.0401979, 0.0825735, -9.80745, -3.28847, -1.55513)

[node name="skull-4" parent="ground-2" instance=ExtResource("7_6ib85")]
transform = Transform3D(0.948081, 0.234209, 0.215148, -0.275621, 0.267583, 0.923273, 0.158669, -0.934636, 0.318243, -3.67648, -3.95053, -0.868733)

[node name="shrub-1" parent="ground-2" instance=ExtResource("13_yd88f")]
transform = Transform3D(1, 0, 0, 0, 1, 0, 0, 0, 1, 8.6053, -5.29082, 2.00174)

[node name="shrub-8" parent="ground-2" instance=ExtResource("13_yd88f")]
transform = Transform3D(1, 0, 0, 0, 1, 0, 0, 0, 1, 17.2044, -4.71912, 0.567338)

[node name="shrub-2" parent="ground-2" instance=ExtResource("13_yd88f")]
transform = Transform3D(1.3, 0, 0, 0, 1.3, 0, 0, 0, 1.3, 7.21063, -4.56855, -1.42157)

[node name="terrain-1" parent="ground-2" instance=ExtResource("14_ouj73")]
transform = Transform3D(-1.46322, 2.23517e-08, 0.330152, 0.111369, 1.41208, 0.49358, -0.310801, 0.505988, -1.37745, 9.79656, -3.38586, -5.01318)

[node name="banner-2" parent="ground-2/terrain-1" instance=ExtResource("8_0qa47")]
transform = Transform3D(-0.975477, 0.0742458, -0.207201, 1.98682e-08, 0.941388, 0.337325, 0.220101, 0.329053, -0.918303, 0.292279, 1.27648, -1.80421)

[node name="terrain-2" parent="ground-2" instance=ExtResource("14_ouj73")]
transform = Transform3D(1.49429, -0.0823796, -0.101485, 0.111369, 1.41208, 0.49358, 0.0684291, -0.499237, 1.41283, 11.547, -3.34039, 8.77051)

[node name="dead-tree-4" parent="ground-2/terrain-2" instance=ExtResource("4_7qvcg")]
transform = Transform3D(1.15836, 0.0989944, 0.652832, 0.134596, 1.25518, -0.429155, -0.646431, 0.438737, 1.08047, -0.394131, 0.970378, -0.896552)

[node name="boulder-4" parent="ground-2/terrain-2" instance=ExtResource("7_ou5qj")]
transform = Transform3D(-1.02624, 0.119119, -0.265379, -0.0204866, 0.941117, 0.501655, 0.290165, 0.487737, -0.903158, -0.94963, 1.06899, -1.27298)

[node name="terrain-3" parent="ground-2" instance=ExtResource("14_ouj73")]
transform = Transform3D(0.914879, 0.500561, -1.70659, -1.65309e-09, 1.91915, 0.562908, 1.77848, -0.257496, 0.877895, -9.43058, -4.29144, 13.1789)

[node name="shrub-3" parent="ground-2" instance=ExtResource("13_yd88f")]
transform = Transform3D(1.5, 0, 0, 0, 1.5, 0, 0, 0, 1.5, 1.3498, -5.2419, 8.04813)

[node name="shrub-6" parent="ground-2" instance=ExtResource("13_yd88f")]
transform = Transform3D(0.977974, 0, 1.00178, 0, 1.4, 0, -1.00178, 0, 0.977974, -3.56911, -3.35372, -3.09001)

[node name="shrub-9" parent="ground-2" instance=ExtResource("13_yd88f")]
transform = Transform3D(0.698553, 0, 0.715559, 0, 1, 0, -0.715559, 0, 0.698553, -11.4148, -3.21873, -2.26818)

[node name="shrub-10" parent="ground-2" instance=ExtResource("13_yd88f")]
transform = Transform3D(1.25739, 0, 1.28801, 0, 1.8, 0, -1.28801, 0, 1.25739, -12.7596, -3.44019, -2.00889)

[node name="shrub-7" parent="ground-2" instance=ExtResource("13_yd88f")]
transform = Transform3D(0.977974, 0, 1.00178, 0, 1.4, 0, -1.00178, 0, 0.977974, -3.64426, -0.588644, -8.45341)

[node name="shrub-4" parent="ground-2" instance=ExtResource("13_yd88f")]
transform = Transform3D(1.5, 0, 0, 0, 1.5, 0, 0, 0, 1.5, -5.82259, -2.88338, 11.1517)

[node name="shrub-5" parent="ground-2" instance=ExtResource("13_yd88f")]
transform = Transform3D(1.60576, 0, 1.19228, 0, 2, 0, -1.19228, 0, 1.60576, -7.0363, -2.88338, 9.99524)

[node name="boulder-9" parent="ground-2" instance=ExtResource("5_b4768")]
transform = Transform3D(0.997829, 0.0658559, 0, -0.0656403, 0.994562, -0.08086, -0.00532511, 0.0806845, 0.996725, -8.7529, -3.82067, 0.671901)

[node name="boulder-12" parent="ground-2" instance=ExtResource("5_b4768")]
transform = Transform3D(-1.32817, -0.208048, -1.48077, -0.131281, 1.98912, -0.16172, 1.48954, -0.0101976, -1.3346, -13.3215, -2.68213, 11.4194)

[node name="banner-1" parent="ground-2" instance=ExtResource("8_0qa47")]
transform = Transform3D(1.49833, 0, -0.0708166, 0, 1.5, 0, 0.0708166, 0, 1.49833, 2.83216, -5.01304, -1.18924)

[node name="banner-3" parent="ground-2" instance=ExtResource("8_0qa47")]
transform = Transform3D(1.4655, 0, 0.319878, 0, 1.5, 0, -0.319878, 0, 1.4655, -0.230546, -5.11884, 4.5198)

[node name="banner-4" parent="ground-2" instance=ExtResource("8_0qa47")]
transform = Transform3D(1.25035, 0, -0.828626, 0, 1.5, 0, 0.828626, 0, 1.25035, -7.79494, -3.95661, -0.230699)

[node name="banner-5" parent="ground-2" instance=ExtResource("8_0qa47")]
transform = Transform3D(1.48964, 0, 0.175994, 0, 1.5, 0, -0.175994, 0, 1.48964, 9.07873, -2.73239, 11.2061)

[node name="Controls" type="CharacterBody3D" parent="."]
transform = Transform3D(-0.00623083, 0, -0.999981, 0, 1, 0, 0.999981, 0, -0.00623083, -0.513747, 0.906977, 2.01858)
script = ExtResource("19_rl5th")
vertical_look_boundary = 60.0
speed = 3.5
jump_power = 6.0
gravity = 15.0
metadata/_edit_group_ = true

[node name="Camera3D" type="Camera3D" parent="Controls"]
transform = Transform3D(1, 0, 0, 0, 1, 0, 0, 0, 1, 0, 0.5, 0)
current = true

[node name="CollisionShape3D" type="CollisionShape3D" parent="Controls"]
transform = Transform3D(1, 0, 0, 0, 1, 0, 0, 0, 1, 0, -0.156299, 0)
shape = SubResource("CapsuleShape3D_72l4c")

[node name="Limit" type="StaticBody3D" parent="."]
transform = Transform3D(0.052946, 0, 0.998597, 0, 1, 0, -0.998597, 0, 0.052946, -10.0047, 2.43506, 2.24282)
metadata/_edit_group_ = true

[node name="CollisionShape3D" type="CollisionShape3D" parent="Limit"]
transform = Transform3D(1, 0, 0, 0, -4.37114e-08, -1, 0, 1, -4.37114e-08, 0, 0, 0)
shape = SubResource("BoxShape3D_if8dw")

[node name="Limit2" type="StaticBody3D" parent="."]
transform = Transform3D(1, 0, 0, 0, 1, 0, 0, 0, 1, 1.23056, 1.89688, 10.5525)
metadata/_edit_group_ = true

[node name="CollisionShape3D" type="CollisionShape3D" parent="Limit2"]
transform = Transform3D(1, 0, 0, 0, -4.37114e-08, -1, 0, 1, -4.37114e-08, 0, 0, 0)
shape = SubResource("BoxShape3D_7mwl0")

[node name="Limit3" type="StaticBody3D" parent="."]
transform = Transform3D(1, 0, 0, 0, 1, 0, 0, 0, 1, 0.825083, 1.89688, -6.39621)
metadata/_edit_group_ = true

[node name="CollisionShape3D" type="CollisionShape3D" parent="Limit3"]
transform = Transform3D(1, 0, 0, 0, -4.37114e-08, -1, 0, 1, -4.37114e-08, 0, 0, 0)
shape = SubResource("BoxShape3D_6jvd3")

[node name="Limit4" type="StaticBody3D" parent="."]
transform = Transform3D(0.052946, 0, 0.998597, 0, 1, 0, -0.998597, 0, 0.052946, 11.4604, -0.191917, 1.47561)
metadata/_edit_group_ = true

[node name="CollisionShape3D" type="CollisionShape3D" parent="Limit4"]
transform = Transform3D(1, 0, 0, 0, -4.37114e-08, -1, 0, 1, -4.37114e-08, 0, 0, 0)
shape = SubResource("BoxShape3D_wtvmc")
